3
10
1
13
1
4
9
7
6
1
1
0
6
1
15
8
5
6
1
22
5
1
6
10
0
2
1
0
1
2
10
13
7
3
14
14
1
15
9
1
1
2
7
4
0
1
1
1
3
2
4
2
1
1
1
1
1
3
6
0
3
12
11
1
2
1
25
1
2
12
1
5
8
6
3
7
1
1
7
26
1
1
17
3
3
0
64
11
4
1
5
1
4
4
4
2
0
2
4
5
2
1
28
9
4
3
1
3
77
11
1
4
17
5
8
7
4
12
15
11
1
6
2
2
2
1
0
2
10
5
11
1
1
5
1
21
1
5
4
6
1
6
6
2
1
2
5
15
3
4
1
8
1
3
1
12
5
1
2
1
17
8
34
2
1
3
15
1
4
1
1
1
1
2
14
5
1
18
2
1
1
10
5
3
1
6
1
0
1
2
3
1
10
15
1
1
1
9
1
2
2
1
2
1
6
2
15
1
1
1
10
6
4
1
9
1
1
2
5
5
4
0
5
1
1
3
4
1
1
1
11
1
8
7
4
5
2
1
6
4
4
38
2
1
2
1
9
1
5
2
7
8
2
1
1
2
1
3
4
1
5
6
5
6
17
14
3
1
1
24
3
2
6
7
2
2
8
7
11
2
5
2
5
1
12
5
2
4
7
2
1
1
1
17
1
2
1
1
1
14
5
4
3
4
1
20
4
11
4
1
7
9
64
5
1
2
4
5
2
2
1
2
1
6
1
3
1
2
1
4
1
2
7
1
4
3
2
2
2
2
1
2
7
1
2
2
1
4
3
2
3
0
5
2
2
2
1
1
3
2
7
8
6
1
2
3
2
2
3
1
0
1
5
1
3
1
1
3
1
2
5
6
4
3
6
2
3
1
4
1
1
8
4
4
5
4
1
6
1
1
5
3
2
1
2
2
5
1
4
3
3
3
2
1
2
2
12
5
3
1
2
2
2
3
1
5
3
3
3
1
1
1
1
1
1
1
3
2
3
1
3
4
1
1
1
7
5
3
5
0
3
6
2
2
2
1
5
4
7
3
2
1
1
4
3
3
1
7
1
4
1
5
8
4
2
3
3
3
5
2
3
4
3
1
6
5
2
1
2
1
1
3
6
2
2
2
1
3
7
4
2
5
4
3
2
1
1
5
3
4
2
2
2
8
3
3
1
3
1
0
0
1
2
2
5
5
10
3
5
2
1
1
1
1
1
5
4
1
2
22
5
1
7
9
1
5
10
4
1
2
4
8
2
6
1
1
3
1
5
5
1
7
1
1
1
3
11
2
1
2
2
4
1
17
1
1
0
1
1
1
1
3
3
1
5
4
2
4
1
7
6
2
4
3
2
2
1
5
0
2
3
6
3
11
2
4
1
4
1
2
7
2
4
1
6
1
5
1
2
3
1
7
3
3
2
2
5
5
1
2
5
1
3
2
3
1
3
1
1
2
4
1
10
5
1
7
3
14
2
2
2
2
4
4
2
1
6
3
4
2
0
3
1
4
2
1
1
1
5
4
3
7
6
3
1
3
1
3
3
2
7
3
1
3
3
10
0
1
1
2
7
3
3
1
2
3
12
3
2
1
1
1
4
1
3
3
2
1
4
2
2
1
13
1
1
1
1
2
3
4
6
2
2
3
2
1
0
7
1
3
8
2
4
1
5
1
8
1
14
13
1
7
2
1
3
7
0
4
6
1
1
4
1
2
3
2
2
7
2
5
3
2
2
2
2
1
8
1
1
0
3
2
9
2
2
1
7
3
1
2
3
1
2
3
1
1
2
5
3
3
3
2
3
3
1
1
1
4
1
1
3
3
2
3
1
1
1
2
1
2
0
1
6
2
4
1
1
4
12
1
1
3
6
0
3
2
2
3
1
2
4
1
2
7
1
8
6
6
3
3
4
2
7
1
5
2
1
4
1
3
2
1
2
14
2
2
3
1
2
2
6
2
2
2
2
1
4
2
1
2
3
2
5
2
1
2
1
2
2
2
2
1
1
2
2
0
1
4
1
1
1
2
3
3
2
1
1
1
2
1
4
1
4
1
3
1
