10
1
9
1
3
1
4
13
15
1
0
2
2
1
1
1
1
4
1
1
1
1
1
4
2
1
5
3
3
1
1
1
2
1
1
21
8
2
1
4
10
1
1
1
3
1
2
1
1
1
1
2
7
16
2
6
4
31
14
11
10
1
2
2
0
1
8
2
11
4
1
3
1
1
13
6
0
2
3
25
1
11
19
1
2
3
3
1
3
1
2
4
3
8
3
1
1
1
4
1
1
2
1
5
1
1
1
3
1
2
2
1
0
12
1
1
1
1
1
1
5
1
3
2
6
2
1
1
3
2
1
0
0
1
1
3
1
9
4
1
2
2
5
4
2
2
1
1
2
2
1
0
5
1
2
1
2
29
3
2
1
6
5
14
1
17
3
3
1
1
1
7
2
8
2
3
1
2
6
3
1
1
1
2
1
1
1
20
1
1
1
1
2
6
1
3
2
5
1
3
2
3
3
1
1
2
10
1
4
1
4
1
2
6
2
2
1
37
1
2
3
2
4
3
1
0
1
1
7
13
1
1
1
1
1
10
1
1
3
1
1
0
13
1
1
1
10
3
2
1
1
3
4
4
4
16
1
4
22
7
1
4
7
8
1
1
31
14
1
5
1
2
2
46
5
12
4
1
2
3
1
1
4
2
1
2
1
3
3
0
2
6
6
3
1
1
1
1
7
1
2
1
8
1
2
1
69
10
5
1
8
1
0
8
2
0
1
3
3
1
3
2
0
1
1
3
1
31
1
2
1
1
2
2
2
2
2
2
1
2
2
3
0
3
4
1
30
1
13
2
2
1
1
1
5
2
4
1
1
1
4
0
1
2
2
4
2
1
1
2
6
1
3
3
4
6
1
1
1
2
1
1
8
3
1
0
0
1
1
4
2
5
1
0
2
1
3
6
5
0
1
1
0
5
1
2
6
5
5
5
1
3
2
1
4
3
2
0
20
4
2
2
16
1
0
1
0
1
4
2
1
16
4
1
1
1
1
5
3
2
2
7
1
1
2
3
1
1
18
1
5
4
1
3
13
1
6
0
4
42
3
4
4
1
8
2
1
11
1
1
0
1
4
2
4
1
6
1
1
1
1
1
0
1
1
1
19
1
1
5
2
1
2
1
1
1
6
1
4
1
2
2
1
2
4
0
1
5
14
2
31
11
3
18
9
1
1
19
2
2
4
5
2
1
1
2
4
2
1
4
1
1
2
1
1
3
1
20
0
1
2
4
2
3
29
5
3
2
8
3
1
3
1
13
17
1
1
3
6
1
4
12
5
4
3
4
2
1
1
10
4
27
1
8
1
8
28
1
7
1
2
1
1
1
3
1
1
39
5
3
4
4
5
2
40
3
2
2
2
7
0
1
4
6
1
2
13
12
5
4
1
1
1
2
6
3
1
2
3
1
1
1
5
4
2
3
0
2
1
6
1
4
1
2
2
1
1
3
1
4
2
0
6
4
1
1
1
1
0
2
3
1
2
4
4
6
53
17
3
4
1
1
2
1
1
4
1
14
11
4
4
1
17
3
1
2
1
6
3
7
1
1
1
0
5
2
3
1
1
7
1
1
4
10
1
6
2
2
1
7
1
7
1
6
6
4
4
2
1
2
1
2
2
11
18
1
2
0
6
1
2
0
2
1
0
6
9
1
2
2
5
1
6
2
3
11
5
7
7
11
1
2
4
4
10
2
2
4
2
2
9
2
4
1
1
1
1
4
5
6
1
1
2
1
1
1
7
6
2
3
1
8
0
3
3
1
2
1
4
2
8
1
8
1
2
9
1
2
4
14
7
11
9
10
7
18
12
14
18
16
13
10
10
17
6
14
20
12
3
9
8
9
7
2
1
6
1
7
4
3
2
7
1
2
4
5
0
2
1
3
7
1
18
5
4
2
1
7
7
5
4
3
2
4
12
2
5
3
4
5
3
2
7
2
3
8
0
3
6
2
3
6
1
3
1
1
2
5
3
1
2
2
2
6
5
8
1
2
1
2
1
1
2
1
7
5
2
1
1
3
5
2
6
4
2
4
3
6
4
2
5
3
1
3
1
1
6
2
0
0
3
1
2
5
15
6
2
2
0
1
1
3
3
1
1
1
6
1
7
3
1
4
12
1
1
6
4
2
2
11
1
13
1
6
5
7
1
6
5
9
2
6
7
1
1
1
2
3
3
14
1
2
2
8
2
2
3
3
3
2
4
1
1
2
8
5
2
2
1
2
7
2
1
5
4
2
5
4
2
2
3
2
1
2
2
2
4
2
1
7
3
1
2
13
0
1
4
4
9
1
1
1
1
3
3
1
1
1
1
1
6
2
5
1
1
1
2
4
14
2
4
5
12
6
12
11
2
3
1
0
3
7
4
1
4
4
1
7
5
3
8
1
1
2
1
1
5
5
7
3
2
15
6
4
1
12
3
2
4
2
1
3
5
1
1
1
3
1
1
1
1
1
1
19
0
10
1
2
3
3
7
3
1
7
2
9
4
6
4
1
6
1
6
1
1
4
2
2
7
3
4
2
3
1
3
1
3
2
0
3
12
2
1
1
2
1
2
2
5
2
11
2
1
2
1
1
3
7
1
3
1
0
3
9
10
2
3
5
4
2
3
1
2
3
1
1
2
6
3
4
2
4
2
2
2
15
1
2
1
2
4
4
2
9
1
1
3
2
7
1
3
1
3
3
2
1
2
1
2
2
1
2
3
1
1
3
7
7
3
8
1
4
6
2
4
19
3
4
1
7
1
1
6
10
2
2
3
1
1
2
2
1
7
3
3
4
9
0
1
6
1
3
1
9
6
2
1
0
1
1
10
4
9
1
1
2
2
7
2
3
2
8
3
2
4
0
2
3
1
9
2
5
1
4
2
4
4
7
11
14
1
2
2
3
5
2
4
1
3
1
3
6
2
5
1
2
9
2
1
4
1
2
2
2
2
4
2
4
2
1
4
1
4
1
1
1
1
2
4
1
1
1
2
2
4
1
1
1
1
1
4
2
3
1
7
1
5
4
1
4
1
2
5
7
1
6
1
5
1
5
3
7
1
3
6
1
2
2
4
6
4
1
1
2
1
3
1
2
9
2
3
2
3
3
1
1
0
3
8
6
4
2
1
2
4
2
6
1
1
5
1
1
3
7
5
2
1
8
1
2
2
5
3
2
8
1
4
2
1
1
2
1
12
2
3
2
5
2
2
4
4
1
1
9
1
1
2
2
9
3
11
2
3
4
1
3
5
6
5
2
10
4
3
3
1
6
1
1
1
1
1
1
1
1
