3
11
1
10
1
3
4
6
9
7
7
4
6
2
1
1
7
1
14
11
5
7
2
1
18
5
1
5
10
1
1
0
1
1
2
1
8
13
6
1
15
14
2
15
9
1
1
2
8
3
1
0
0
1
2
5
4
2
2
1
1
1
1
0
3
6
0
4
12
12
1
2
2
30
1
2
14
1
4
4
9
5
1
4
4
7
1
1
7
27
1
0
0
4
16
3
1
3
1
64
12
3
1
5
1
4
5
6
1
2
1
1
4
5
4
2
0
21
9
4
2
1
3
3
79
11
1
6
27
5
10
6
5
13
15
20
14
2
5
1
2
2
1
2
9
8
10
5
2
21
1
5
3
5
1
1
6
6
2
0
2
2
6
15
4
1
4
1
6
1
1
1
3
1
14
1
2
4
1
1
1
18
6
32
4
1
3
1
15
1
5
1
0
1
1
2
17
5
1
19
2
1
2
1
1
1
1
1
12
5
4
1
6
0
1
1
1
1
2
4
1
6
11
1
13
1
1
1
9
3
1
1
2
1
1
1
1
5
2
15
1
1
1
10
6
8
1
9
1
1
2
5
5
1
1
3
1
5
0
14
1
3
3
1
0
3
0
10
4
6
1
10
7
3
5
2
1
6
4
3
39
1
5
1
1
1
1
1
1
8
1
1
1
5
2
1
1
6
6
1
0
4
2
2
1
3
4
2
2
15
5
6
12
5
9
0
16
1
15
2
1
1
22
3
1
6
1
1
7
2
3
14
7
1
11
4
1
1
1
1
2
5
5
1
12
6
2
46
1
0
3
13
4
1
7
4
3
7
42
43
8
2
41
1
11
5
1
2
1
6
15
26
2
2
1
2
16
1
5
6
0
1
14
1
1
5
5
5
4
1
16
7
26
1
4
1
12
4
1
5
1
7
4
1
8
58
1
2
6
4
6
1
1
1
6
1
3
0
7
1
3
5
1
8
1
1
0
2
12
2
4
8
2
2
2
4
1
2
8
2
2
2
1
4
3
5
3
0
2
5
3
2
2
1
1
2
3
4
7
5
1
3
4
2
2
2
1
1
1
1
4
1
3
2
1
4
3
1
2
5
5
10
1
4
6
2
1
3
1
4
1
0
8
4
3
5
6
3
1
7
1
1
4
2
2
2
2
1
7
0
5
2
3
3
9
1
2
2
11
5
3
1
3
2
5
4
5
4
4
3
1
2
2
1
1
1
0
1
1
1
3
2
3
1
3
7
3
10
1
5
6
9
2
1
10
6
1
8
2
6
1
4
4
7
3
2
1
1
1
4
11
4
8
6
1
13
4
1
6
13
5
2
3
2
5
6
2
2
4
3
1
5
7
5
2
4
1
2
1
3
1
3
4
2
2
2
1
3
10
3
2
5
4
2
7
1
1
6
3
4
1
2
8
4
3
1
3
1
1
1
1
1
2
3
5
6
12
3
5
2
1
1
1
1
1
1
4
5
5
3
20
6
1
7
9
2
6
9
2
2
3
9
7
9
5
0
1
4
1
5
5
2
6
1
1
2
7
17
2
1
3
2
4
1
35
1
1
1
1
3
0
0
1
3
3
1
5
4
1
3
1
7
4
6
3
3
8
1
4
0
4
0
4
3
4
5
9
2
5
1
1
4
2
7
7
3
2
5
5
1
6
1
2
4
1
8
3
7
1
6
7
4
6
1
4
2
9
1
3
6
4
1
8
1
1
3
1
2
4
1
10
1
5
3
1
12
3
15
2
2
2
2
2
5
2
1
6
3
7
2
1
3
1
1
5
4
8
1
0
2
1
6
9
2
0
2
16
5
3
4
2
1
4
1
5
2
7
4
2
4
4
10
2
1
2
1
7
3
4
1
2
3
12
4
3
1
1
4
1
5
1
3
2
2
1
4
2
2
4
17
1
1
3
2
2
1
3
2
5
2
1
3
5
1
1
4
2
1
6
2
2
2
8
4
17
0
3
1
9
1
12
15
1
7
2
1
3
7
1
7
6
1
2
0
4
1
3
3
2
3
1
5
2
5
3
15
2
2
3
8
0
1
10
1
1
1
3
7
3
12
6
6
4
1
6
4
3
1
3
1
4
1
1
5
1
4
2
6
4
3
5
1
3
1
2
1
1
1
4
1
1
2
3
2
3
1
2
1
1
4
3
3
3
1
1
7
2
4
1
2
11
12
1
1
3
5
1
1
10
1
3
1
2
3
0
2
6
1
10
6
8
5
3
5
2
14
1
6
3
2
4
0
3
1
1
1
20
9
1
2
3
3
2
1
4
6
1
6
1
3
1
1
4
2
1
3
3
3
2
4
2
1
2
1
3
2
1
1
1
1
5
2
1
4
6
1
2
1
2
4
3
2
4
4
0
3
2
0
1
2
1
0
8
1
1
2
1
1
1
3
5
4
4
4
2
1
2
3
1
3
4
9
